# Created at Mon Jun 07 14:05:26 CDT 2021
7045713688573 32.784142 -97.218941 108.770164 96.000000 0.000000 0.000000
7047706389802 32.784222 -97.218857 115.650719 64.000000 0.000000 0.000000
7049711857185 32.784286 -97.218864 122.018608 96.000000 0.000000 0.000000
7050714136069 32.784317 -97.218864 123.338097 96.000000 0.000000 0.000000
7051710496338 32.784321 -97.218872 122.721245 128.000000 0.000000 0.000000
7052724100029 32.784317 -97.218864 119.413246 64.000000 0.000000 0.000000
7053718382336 32.784332 -97.218857 118.026268 128.000000 0.000000 0.000000
7054717420989 32.784321 -97.218857 115.842148 64.000000 0.000000 0.000000
7055725569527 32.784302 -97.218864 113.709717 48.000000 0.000000 0.000000
7056720532565 32.784325 -97.218811 112.412521 48.000000 0.000000 0.000000
7057722299949 32.784306 -97.218758 111.239296 48.000000 0.000000 0.000000
7059081638448 32.784290 -97.218773 110.973686 32.000000 0.000000 0.000000
7060092353908 32.784267 -97.218788 110.489677 32.000000 0.000000 0.000000
7061083233215 32.784245 -97.218796 110.726013 32.000000 0.000000 0.000000
7062094106792 32.784248 -97.218796 110.736916 32.000000 0.000000 0.000000
7063093795291 32.784256 -97.218819 109.365265 32.000000 0.000000 0.000000
7064094953867 32.784248 -97.218819 108.676788 32.000000 0.000000 0.000000
7065101101674 32.784283 -97.218842 108.955986 24.000000 0.000000 0.000000
7066094009481 32.784283 -97.218842 109.134979 24.000000 0.000000 0.000000
7067092925057 32.784290 -97.218842 108.677071 24.000000 0.000000 0.000000
7068107077403 32.784298 -97.218826 109.767311 24.000000 0.000000 0.000000
7069110840171 32.784302 -97.218826 109.655914 16.000000 0.000000 0.000000
7070130937594 32.784294 -97.218819 110.723389 16.000000 0.000000 0.000000
7071123161978 32.784286 -97.218819 112.938576 16.000000 0.000000 0.000000
7072132419669 32.784283 -97.218811 116.153549 16.000000 0.000000 0.000000
7073135704476 32.784271 -97.218803 117.942833 16.000000 0.000000 0.000000
7074141936014 32.784264 -97.218796 119.260468 16.000000 0.000000 0.000000
7075140509205 32.784264 -97.218796 120.436531 16.000000 0.000000 0.000000
7076138496012 32.784271 -97.218788 120.534462 16.000000 0.000000 0.000000
7077132292666 32.784267 -97.218788 119.617493 16.000000 0.000000 0.000000
7078142460588 32.784260 -97.218781 119.877739 16.000000 0.000000 0.000000
7079148908126 32.784248 -97.218788 119.533371 16.000000 0.000000 0.000000
7080134856510 32.784241 -97.218788 118.728119 16.000000 0.000000 0.000000
7081145430816 32.784241 -97.218781 118.234901 12.000000 0.000000 0.000000
7082136660393 32.784237 -97.218788 118.258904 12.000000 0.000000 0.000000
7083139372738 32.784237 -97.218788 118.613297 12.000000 0.000000 0.000000
7084134214776 32.784245 -97.218788 118.631714 12.000000 0.000000 0.000000
7085138867737 32.784248 -97.218788 119.515411 12.000000 0.000000 0.000000
7086144027198 32.784245 -97.218788 120.431206 12.000000 0.000000 0.000000
7087136940389 32.784245 -97.218796 121.407768 12.000000 0.000000 0.000000
7088140198273 32.784245 -97.218796 122.594566 12.000000 0.000000 0.000000
7089136643426 32.784245 -97.218796 123.103699 12.000000 0.000000 0.000000
7091134966348 32.784248 -97.218803 123.394836 12.000000 0.000000 0.000000
7093138704000 32.784252 -97.218803 123.574112 12.000000 0.000000 0.000000
7094130909153 32.784248 -97.218803 123.693176 12.000000 0.000000 0.000000
7095140014383 32.784248 -97.218803 123.750671 12.000000 0.000000 0.000000
7096139636998 32.784248 -97.218803 123.530205 12.000000 0.000000 0.000000
7097132892382 32.784248 -97.218803 123.362663 12.000000 0.000000 0.000000
7098128213920 32.784248 -97.218803 123.128212 12.000000 0.000000 0.000000
7110124713373 32.784378 -97.218788 114.195160 16.000000 0.000000 0.000000
7111129513449 32.784374 -97.218788 113.929466 16.000000 0.000000 0.000000
7112140117948 32.784367 -97.218788 112.883644 16.000000 0.000000 0.000000
7859238936931 32.784077 -97.218391 131.943436 192.000000 0.000000 0.000000
7860249784546 32.784267 -97.218544 117.531853 192.000000 0.000000 0.000000
7861242981507 32.784527 -97.218651 116.593048 96.000000 0.000000 0.000000
7862252609852 32.784542 -97.218712 113.412613 96.000000 0.000000 0.000000
7863249878505 32.784504 -97.218742 111.060173 96.000000 0.000000 0.000000
7864250522159 32.784508 -97.218742 111.056808 96.000000 0.000000 0.000000
7865247426158 32.784496 -97.218712 120.121460 96.000000 0.000000 0.000000
7866260280311 32.784485 -97.218681 128.294632 96.000000 0.000000 0.000000
7867249205349 32.784470 -97.218727 124.193932 96.000000 0.000000 0.000000
7868257849079 32.784031 -97.218857 99.673851 16.000000 0.000000 0.000000
7869254223001 32.784042 -97.218864 98.666359 48.000000 0.000000 0.000000
7871254921807 32.784100 -97.218880 96.975540 48.000000 0.000000 0.000000
7872256597345 32.784172 -97.218834 102.195328 24.000000 0.000000 0.000000
7873249791037 32.784233 -97.218788 108.133049 16.000000 0.000000 0.000000
7874257375305 32.784218 -97.218826 103.313644 16.000000 0.000000 0.000000
7875250472035 32.784248 -97.218819 102.744576 16.000000 0.000000 0.000000
7876258499612 32.784267 -97.218826 100.786369 16.000000 0.000000 0.000000
7877260696957 32.784290 -97.218811 97.938690 16.000000 0.000000 0.000000
7882259805492 32.784283 -97.218811 101.026955 24.000000 0.000000 0.000000
7891259570024 32.784332 -97.218857 111.924965 48.000000 0.000000 0.000000
7892260818946 32.784344 -97.218880 112.909615 48.000000 0.000000 0.000000
7893614127176 32.784351 -97.218887 114.002075 48.000000 0.000000 0.000000
7894623129368 32.784351 -97.218887 113.822647 32.000000 0.000000 0.000000
7895616341713 32.784348 -97.218849 115.137787 32.000000 0.000000 0.000000
7896626704405 32.784348 -97.218849 116.424583 32.000000 0.000000 0.000000
7897618094789 32.784348 -97.218849 115.378166 32.000000 0.000000 0.000000
7898618056672 32.784325 -97.218834 115.075195 32.000000 0.000000 0.000000
7899619556326 32.784317 -97.218819 113.937263 32.000000 0.000000 0.000000
7900633485594 32.784317 -97.218819 115.818481 32.000000 0.000000 0.000000
7901621123747 32.784317 -97.218819 116.465393 32.000000 0.000000 0.000000
7902634298785 32.784294 -97.218803 117.367210 32.000000 0.000000 0.000000
7903645762938 32.784294 -97.218803 116.996559 32.000000 0.000000 0.000000
7904656645091 32.784294 -97.218803 115.386772 32.000000 0.000000 0.000000
7905665901975 32.784294 -97.218803 115.527641 32.000000 0.000000 0.000000
7906657837051 32.784294 -97.218803 116.044579 24.000000 0.000000 0.000000
7907663938704 32.784294 -97.218803 115.711205 24.000000 0.000000 0.000000
7908667877973 32.784294 -97.218803 115.957428 24.000000 0.000000 0.000000
7909670609280 32.784294 -97.218803 116.700569 24.000000 0.000000 0.000000
7910669747972 32.784294 -97.218803 116.611496 24.000000 0.000000 0.000000
7911659413817 32.784294 -97.218803 115.995110 24.000000 0.000000 0.000000
7912668495047 32.784294 -97.218803 114.718575 24.000000 0.000000 0.000000
7913667481392 32.784271 -97.218826 113.619255 24.000000 0.000000 0.000000
7914663234276 32.784271 -97.218826 112.921272 24.000000 0.000000 0.000000
7915662354199 32.784271 -97.218826 113.213173 24.000000 0.000000 0.000000
7916672468313 32.784233 -97.218788 112.383072 24.000000 0.000000 0.000000
7917662189159 32.784218 -97.218788 112.283104 24.000000 0.000000 0.000000
7918661258812 32.784210 -97.218796 112.564629 24.000000 0.000000 0.000000
7919668682196 32.784210 -97.218803 112.356552 24.000000 0.000000 0.000000
7920659698887 32.784210 -97.218811 113.655426 24.000000 0.000000 0.000000
7921669578194 32.784214 -97.218811 113.617386 24.000000 0.000000 0.000000
7922662195501 32.784214 -97.218811 113.449272 24.000000 0.000000 0.000000
7923665214155 32.784214 -97.218819 113.909515 24.000000 207.786270 0.932406
7925666815115 32.784203 -97.218819 113.955856 12.000000 200.246857 0.949376
7926658948729 32.784191 -97.218819 113.907623 12.000000 195.882935 1.037149
7927668865229 32.784184 -97.218826 113.932571 12.000000 200.192825 1.046306
7928665448382 32.784172 -97.218826 113.858620 16.000000 194.791702 1.062269
7929669425958 32.784164 -97.218819 113.759766 16.000000 192.373352 1.008034
7930665619842 32.784161 -97.218819 113.671593 16.000000 190.018372 0.959917
7948641493137 32.784218 -97.218719 104.400818 32.000000 190.891235 0.785276
7949661322251 32.784206 -97.218735 101.967415 32.000000 190.891235 0.918298
7950670499866 32.784195 -97.218758 99.434212 32.000000 190.891235 0.019696
7951674586481 32.784203 -97.218750 98.737610 32.000000 190.891235 0.123649
7952673859557 32.784203 -97.218750 98.908539 24.000000 190.891235 0.020095
7953671032133 32.784203 -97.218750 99.509010 24.000000 190.891235 0.005732
8098664780606 32.784111 -97.218781 103.618782 32.000000 32.693596 0.336372
8099666659144 32.784145 -97.218811 106.402626 32.000000 37.617725 0.382630
8100660965913 32.784153 -97.218803 106.691170 32.000000 39.882839 0.363077
8101656690296 32.784157 -97.218796 105.717606 32.000000 39.882839 0.017635
8102656791834 32.784157 -97.218796 106.669434 32.000000 39.882839 0.004077
8105669945909 32.784153 -97.218788 108.463516 32.000000 39.882839 0.270401
8106662967831 32.784157 -97.218788 108.947121 24.000000 39.882839 0.070657
8107662019715 32.784157 -97.218781 109.888817 24.000000 39.882839 0.256576
8108666886061 32.784161 -97.218773 110.477966 24.000000 39.882839 0.003388
8109662489022 32.784161 -97.218773 109.850159 24.000000 39.882839 0.000387
8110673599367 32.784161 -97.218773 109.065575 24.000000 39.882839 0.002234
8111660978520 32.784161 -97.218781 108.372200 24.000000 39.882839 0.006622
8128671341893 32.784302 -97.218742 115.270493 24.000000 38.709145 0.328905
8129669458200 32.784306 -97.218742 114.651199 24.000000 38.709145 0.009761
8130669985776 32.784306 -97.218742 113.991859 24.000000 38.709145 0.003769
8131669823275 32.784306 -97.218742 113.550194 24.000000 38.709145 0.005296
8132669943313 32.784306 -97.218742 113.587044 24.000000 38.709145 0.004036
8133671778427 32.784306 -97.218742 113.354523 24.000000 38.709145 0.000816
8134673662081 32.784306 -97.218742 112.914871 24.000000 38.709145 0.000461
8135676619311 32.784306 -97.218742 112.535599 24.000000 38.709145 0.001557
8136678863618 32.784306 -97.218742 113.527893 16.000000 38.709145 0.001903
8153668102721 32.784187 -97.218803 111.240639 16.000000 38.709145 0.253748
8154667177835 32.784187 -97.218803 111.521332 16.000000 38.709145 0.044864
8155666307335 32.784187 -97.218803 111.353722 16.000000 38.709145 0.002947
8156675241911 32.784187 -97.218803 111.302750 16.000000 38.709145 0.001751
8160680056062 32.784191 -97.218803 110.781151 16.000000 38.709145 0.012184
8161677159061 32.784191 -97.218811 110.808784 16.000000 38.709145 0.031723
8162659840868 32.784195 -97.218819 110.823929 16.000000 38.709145 0.122510
8180646080740 32.784286 -97.218880 108.295380 32.000000 38.709145 0.235146
8226672716630 32.784370 -97.218758 120.731522 24.000000 36.068760 0.063919
