# Created at Mon Jun 07 14:05:26 CDT 2021
7048555377500 1.000000
7049055377500 2.000000
7058054913218 8.000000
7058494940218 9.000000
7058894927218 10.000000
7059394939218 11.000000
7059854940218 12.000000
7069034965985 18.000000
7069554992985 19.000000
7117374208802 31.000000
7118054182802 32.000000
7118814208802 33.000000
7119593998180 34.000000
7120213997180 35.000000
7121073970180 36.000000
7121833997180 37.000000
7122593998180 38.000000
7123553998180 39.000000
7124333997180 40.000000
7125093997180 41.000000
7125813998180 42.000000
7126553997180 43.000000
7127273997180 44.000000
7127913995180 45.000000
7128673998180 46.000000
7129433821557 47.000000
7130213822557 48.000000
7130913821557 49.000000
7131653821557 50.000000
7132453854557 51.000000
7133193822557 52.000000
7133933821557 53.000000
7134673821557 54.000000
7135453821557 55.000000
7136213821557 56.000000
7136993821557 57.000000
7137713813557 58.000000
7138493822557 59.000000
7139233821557 60.000000
7139933594820 61.000000
7140713593820 62.000000
7141473593820 63.000000
7142253593820 64.000000
7142973593820 65.000000
7143713594820 66.000000
7144413593820 67.000000
7145173593820 68.000000
7145913594820 69.000000
7146673593820 70.000000
7147393593820 71.000000
7148133594820 72.000000
7148833593820 73.000000
7149573477890 74.000000
7150333477890 75.000000
7151093476890 76.000000
7151833476890 77.000000
7152593477890 78.000000
7153373476890 79.000000
7154173476890 80.000000
7154953477890 81.000000
7155753476890 82.000000
7156473477890 83.000000
7157233476890 84.000000
7158033476890 85.000000
7158793476890 86.000000
7159573184306 87.000000
7160333184306 88.000000
7161173183306 89.000000
7161933183306 90.000000
7162573183306 91.000000
7163593183306 92.000000
7164313183306 93.000000
7165093163306 94.000000
7165893183306 95.000000
7166733183306 96.000000
7167533183306 97.000000
7168293183306 98.000000
7169033184306 99.000000
7169813080297 100.000000
7170613080297 101.000000
7171393096297 102.000000
7172173080297 103.000000
7172973080297 104.000000
7173733080297 105.000000
7174533081297 106.000000
7175293081297 107.000000
7176053054297 108.000000
7176773080297 109.000000
7177533080297 110.000000
7178333081297 111.000000
7179133080297 112.000000
7179852879021 113.000000
7180612879021 114.000000
7181492879021 115.000000
7182212880021 116.000000
7182872879021 117.000000
7183652880021 118.000000
7184372879021 119.000000
7184972880021 120.000000
7191192725707 126.000000
7191952725707 127.000000
7192692726707 128.000000
7193472725707 129.000000
7194192725707 130.000000
7194952726707 131.000000
7195712725707 132.000000
7196492726707 133.000000
7197272725707 134.000000
7197992725707 135.000000
7198772726707 136.000000
7199592474622 137.000000
7200392474622 138.000000
7201192473622 139.000000
7201912473622 140.000000
7202712473622 141.000000
7203472473622 142.000000
7204212474622 143.000000
7205012488622 144.000000
7205772474622 145.000000
7206572473622 146.000000
7207352474622 147.000000
7208072454622 148.000000
7208832474622 149.000000
7209612364769 150.000000
7210392364769 151.000000
7211172365769 152.000000
7211952364769 153.000000
7212732365769 154.000000
7213512371769 155.000000
7214292365769 156.000000
7215112365769 157.000000
7215872364769 158.000000
7216652364769 159.000000
7217472364769 160.000000
7218272352769 161.000000
7218932364769 162.000000
7219752150608 163.000000
7220572146608 164.000000
7221372151608 165.000000
7222132150608 166.000000
7222872150608 167.000000
7223552151608 168.000000
7224352150608 169.000000
7225032150608 170.000000
7225792150608 171.000000
7226832153608 172.000000
7227472150608 173.000000
7228112151608 174.000000
7228852150608 175.000000
7229651902717 176.000000
7230331903717 177.000000
7231171902717 178.000000
7231991903717 179.000000
7232931902717 180.000000
7233591902717 181.000000
7234171902717 182.000000
7234791903717 183.000000
7235631903717 184.000000
7236291902717 185.000000
7237091902717 186.000000
7237851902717 187.000000
7238591902717 188.000000
7239311684130 189.000000
7240071684130 190.000000
7240831684130 191.000000
7241591684130 192.000000
7242311684130 193.000000
7243091680130 194.000000
7243871685130 195.000000
7244591685130 196.000000
7245291684130 197.000000
7245971684130 198.000000
7246711685130 199.000000
7247451685130 200.000000
7248191685130 201.000000
7248951684130 202.000000
7249911593201 203.000000
7250591592201 204.000000
7251331592201 205.000000
7252091587201 206.000000
7252951593201 207.000000
7253771592201 208.000000
7254491592201 209.000000
7255131592201 210.000000
7256071566201 211.000000
7256911593201 212.000000
7257551593201 213.000000
7258131592201 214.000000
7258931592201 215.000000
7259651403119 216.000000
7260371403119 217.000000
7261071403119 218.000000
7261671403119 219.000000
7262451404119 220.000000
7263091384119 221.000000
7263831404119 222.000000
7264551403119 223.000000
7265431403119 224.000000
7266851404119 225.000000
7267651403119 226.000000
7268391404119 227.000000
7269111404119 228.000000
7269831164304 229.000000
7270571164304 230.000000
7271911165304 231.000000
7272651164304 232.000000
7273391164304 233.000000
7274151164304 234.000000
7274891165304 235.000000
7286350933603 241.000000
7287030933603 242.000000
7287770933603 243.000000
7288490933603 244.000000
7289170934603 245.000000
7290030803134 246.000000
7290430803134 247.000000
7291610804134 248.000000
7292390803134 249.000000
7293110777134 250.000000
7293830803134 251.000000
7294590804134 252.000000
7295570803134 253.000000
7296210803134 254.000000
7297010803134 255.000000
7297750803134 256.000000
7309150600129 262.000000
7309910389391 263.000000
7310590389391 264.000000
7312510388391 265.000000
7313230388391 266.000000
7313970388391 267.000000
7314650388391 268.000000
7315390388391 269.000000
7316130389391 270.000000
7316930389391 271.000000
7317730388391 272.000000
7318470388391 273.000000
7319230388391 274.000000
7320010260686 275.000000
7320770261686 276.000000
7321590261686 277.000000
7322410261686 278.000000
7323170260686 279.000000
7323970260686 280.000000
7324770260686 281.000000
7325530261686 282.000000
7326950260686 283.000000
7327630261686 284.000000
7328390260686 285.000000
7329170261686 286.000000
7335750086953 292.000000
7336450086953 293.000000
7337050059953 294.000000
7337710087953 295.000000
7338530087953 296.000000
7339289806023 297.000000
7340009806023 298.000000
7340789805023 299.000000
7341509817023 300.000000
7342229806023 301.000000
7342929805023 302.000000
7343729805023 303.000000
7344549806023 304.000000
7345249805023 305.000000
7346009806023 306.000000
7346869805023 307.000000
7347569806023 308.000000
7348289806023 309.000000
7349109778023 310.000000
7349889666361 311.000000
7350649666361 312.000000
7351369666361 313.000000
7352149666361 314.000000
7353009666361 315.000000
7353769654361 316.000000
7354529666361 317.000000
7355229667361 318.000000
7356129666361 319.000000
7356889667361 320.000000
7357609667361 321.000000
7358349666361 322.000000
7359189667361 323.000000
7359849457965 324.000000
7360589457965 325.000000
7361329458965 326.000000
7362069447965 327.000000
7362569457965 328.000000
7363569457965 329.000000
7364289457965 330.000000
7365009457965 331.000000
7365869458965 332.000000
7366549458965 333.000000
7367249458965 334.000000
7367969457965 335.000000
7368869457965 336.000000
7369609348540 337.000000
7370329347540 338.000000
7371069327540 339.000000
7371669347540 340.000000
7372389347540 341.000000
7373489348540 342.000000
7374249347540 343.000000
7375029348540 344.000000
7375969348540 345.000000
7376689348540 346.000000
7377429347540 347.000000
7378249347540 348.000000
7379109347540 349.000000
7379829163225 350.000000
7380549163225 351.000000
7381329150225 352.000000
7382249163225 353.000000
7382989162225 354.000000
7383749162225 355.000000
7384589162225 356.000000
7385129163225 357.000000
7386269162225 358.000000
7387049136225 359.000000
7387789162225 360.000000
7406688728902 366.000000
7407368727902 367.000000
7408088727902 368.000000
7408628727902 369.000000
7414668558165 375.000000
7415408550165 376.000000
7416148558165 377.000000
7416908557165 378.000000
7417608558165 379.000000
7418348557165 380.000000
7419068530165 381.000000
7419788414926 382.000000
7420508428926 383.000000
7421288414926 384.000000
7421808402926 385.000000
7422948415926 386.000000
7423688414926 387.000000
7424448415926 388.000000
7425148414926 389.000000
7431528134380 395.000000
7441247983027 401.000000
7442167995027 402.000000
7442927995027 403.000000
7443707995027 404.000000
7444447995027 405.000000
7445187995027 406.000000
7446127996027 407.000000
7446787995027 408.000000
7447507995027 409.000000
7448267995027 410.000000
7448967996027 411.000000
7449807804712 412.000000
7450607804712 413.000000
7451347805712 414.000000
7452067804712 415.000000
7452807805712 416.000000
7453567805712 417.000000
7454327805712 418.000000
7455107796712 419.000000
7466207616896 425.000000
7466927616896 426.000000
7467687616896 427.000000
7468407616896 428.000000
7469127616896 429.000000
7470007457967 430.000000
7470727419967 431.000000
7471467418967 432.000000
7472207419967 433.000000
7472947418967 434.000000
7473707418967 435.000000
7474427418967 436.000000
7475147418967 437.000000
7475747419967 438.000000
7476907418967 439.000000
7477647419967 440.000000
7478387419967 441.000000
7478927418967 442.000000
7480067230845 443.000000
7480787257845 444.000000
7481507257845 445.000000
7482027257845 446.000000
7482467257845 447.000000
7483307258845 448.000000
7484067238845 449.000000
7484767257845 450.000000
7491047052147 456.000000
7491867078147 457.000000
7492667066147 458.000000
7493427078147 459.000000
7493927078147 460.000000
7495027078147 461.000000
7495787078147 462.000000
7496527078147 463.000000
7497267078147 464.000000
7498087078147 465.000000
7498827078147 466.000000
7499606876098 467.000000
7500346876098 468.000000
7501146876098 469.000000
7501946877098 470.000000
7502686876098 471.000000
7503426877098 472.000000
7504286876098 473.000000
7504986877098 474.000000
7505746876098 475.000000
7506526877098 476.000000
7507306876098 477.000000
7508066856098 478.000000
7508846877098 479.000000
7509606687785 480.000000
7510406688785 481.000000
7511186687785 482.000000
7512006687785 483.000000
7512786688785 484.000000
7513546688785 485.000000
7514326687785 486.000000
7515066664785 487.000000
7515846687785 488.000000
7516606688785 489.000000
7517346687785 490.000000
7518066687785 491.000000
7518946687785 492.000000
7519786456702 493.000000
7520526456702 494.000000
7521306457702 495.000000
7522086456702 496.000000
7522906456702 497.000000
7523666457702 498.000000
7524406457702 499.000000
7525186456702 500.000000
7525946457702 501.000000
7526666456702 502.000000
7527426456702 503.000000
7528166457702 504.000000
7528866456702 505.000000
7529606255810 506.000000
7530406256810 507.000000
7531166255810 508.000000
7531846255810 509.000000
7532646255810 510.000000
7533486255810 511.000000
7534266255810 512.000000
7534986255810 513.000000
7535826255810 514.000000
7536586256810 515.000000
7537326256810 516.000000
7538106229810 517.000000
7538826255810 518.000000
7539566053649 519.000000
7545706053649 525.000000
7546406053649 526.000000
7547186054649 527.000000
7547946053649 528.000000
7560945728250 534.000000
7562225723250 535.000000
7562965729250 536.000000
7563705728250 537.000000
7564445728250 538.000000
7565165728250 539.000000
7565845729250 540.000000
7566645728250 541.000000
7567385729250 542.000000
7568125729250 543.000000
7568825709250 544.000000
7569565547588 545.000000
7570265548588 546.000000
7570965547588 547.000000
7582525373079 553.000000
7583285373079 554.000000
7584005373079 555.000000
7584745372079 556.000000
7585505372079 557.000000
7586185373079 558.000000
7586925372079 559.000000
7587665372079 560.000000
7588425352079 561.000000
7589165373079 562.000000
7589925222728 563.000000
7590705221728 564.000000
7591545221728 565.000000
7592265221728 566.000000
7593005221728 567.000000
7593785222728 568.000000
7594545222728 569.000000
7595345221728 570.000000
7596145221728 571.000000
7596905221728 572.000000
7597665222728 573.000000
7598445209728 574.000000
7599265020222 575.000000
7600044992222 576.000000
7600825000222 577.000000
7601585019222 578.000000
7602305019222 579.000000
7602985019222 580.000000
7603885019222 581.000000
7604624999222 582.000000
7605445019222 583.000000
7611644755598 589.000000
7612404759598 590.000000
7613164760598 591.000000
7614004760598 592.000000
7614704759598 593.000000
7615424732598 594.000000
7616164760598 595.000000
7616904759598 596.000000
7617644759598 597.000000
7618384759598 598.000000
7619104614400 599.000000
7619864613400 600.000000
7620624593400 601.000000
7621364613400 602.000000
7622144617400 603.000000
7622944613400 604.000000
7623764607400 605.000000
7624524613400 606.000000
7625284614400 607.000000
7626084601400 608.000000
7626884614400 609.000000
7627664613400 610.000000
7628164614400 611.000000
7629384482701 612.000000
7630144481701 613.000000
7630904481701 614.000000
7631704482701 615.000000
7632504481701 616.000000
7633284482701 617.000000
7634064456701 618.000000
7634884481701 619.000000
7635704482701 620.000000
7636504482701 621.000000
7637344482701 622.000000
7638184220425 623.000000
7639024220425 624.000000
7639824221425 625.000000
7640624221425 626.000000
7641444221425 627.000000
7642284210425 628.000000
7643064193425 629.000000
7643844220425 630.000000
7644704221425 631.000000
7645504221425 632.000000
7646244221425 633.000000
7647044033534 634.000000
7647864056534 635.000000
7648704044534 636.000000
7649484057534 637.000000
7650264056534 638.000000
7651084057534 639.000000
7651904057534 640.000000
7652724056534 641.000000
7653544057534 642.000000
7654384056534 643.000000
7655304056534 644.000000
7656063865181 645.000000
7656843891181 646.000000
7657683892181 647.000000
7658543879181 648.000000
7659283891181 649.000000
7660083891181 650.000000
7661003891181 651.000000
7661763892181 652.000000
7662543891181 653.000000
7663363891181 654.000000
7664203891181 655.000000
7664983722557 656.000000
7665763721557 657.000000
7666523722557 658.000000
7667363722557 659.000000
7668223721557 660.000000
7668983721557 661.000000
7669803721557 662.000000
7670683722557 663.000000
7671443721557 664.000000
7672123721557 665.000000
7672863722557 666.000000
7673623721557 667.000000
7681343610281 674.000000
7682163610281 675.000000
7682923610281 676.000000
7683663434083 677.000000
7684523433083 678.000000
7685303433083 679.000000
7686043406083 680.000000
7686863433083 681.000000
7856656560516 870.000000
7857156560516 871.000000
7858276560516 872.000000
7859036612013 873.000000
7860036612013 874.000000
7860696612013 875.000000
7861436612013 876.000000
7862176612013 877.000000
7862936613013 878.000000
7863656612013 879.000000
7864656612013 880.000000
7865416612013 881.000000
7866296612013 882.000000
7866996613013 883.000000
7867816600013 884.000000
7868616613013 885.000000
7877436385853 891.000000
7878176386853 892.000000
7878776170691 893.000000
7879516190691 894.000000
7880256165691 895.000000
7880996183691 896.000000
7881716190691 897.000000
7882416189691 898.000000
7883196190691 899.000000
7883956189691 900.000000
7884636190691 901.000000
7885396170691 902.000000
7886156189691 903.000000
7886896190691 904.000000
7887676189691 905.000000
7888416190691 906.000000
7889156038070 907.000000
7890436038070 908.000000
7891096037070 909.000000
7891856038070 910.000000
7892576011070 911.000000
7898456037070 917.000000
7899295924948 918.000000
7900015925948 919.000000
7900795924948 920.000000
7901515924948 921.000000
7902275924948 922.000000
7903035924948 923.000000
7903815924948 924.000000
7904555925948 925.000000
7905355924948 926.000000
7906135925948 927.000000
7906875924948 928.000000
7907635925948 929.000000
7908435925948 930.000000
7909095658094 931.000000
7909735658094 932.000000
7910415658094 933.000000
7911095657094 934.000000
7911775657094 935.000000
7912135657094 936.000000
7912815657094 937.000000
7913595657094 938.000000
7914335658094 939.000000
7920635449203 945.000000
7921395476203 946.000000
7931275260000 952.000000
7931975261000 953.000000
7932695261000 954.000000
7933435261000 955.000000
7934175260000 956.000000
7934895260000 957.000000
7935655260000 958.000000
7936435260000 959.000000
7937195261000 960.000000
7937975260000 961.000000
7938715139301 962.000000
7939515140301 963.000000
7940275140301 964.000000
7941055139301 965.000000
7941855139301 966.000000
7942615112301 967.000000
7943355119301 968.000000
7944155139301 969.000000
7944975140301 970.000000
7945715139301 971.000000
7946435139301 972.000000
7947235139301 973.000000
7947955119301 974.000000
7948734969720 975.000000
7949474969720 976.000000
7950294969720 977.000000
7951074970720 978.000000
7951874969720 979.000000
7952634969720 980.000000
7953374969720 981.000000
7954134969720 982.000000
7954914970720 983.000000
7955654971720 984.000000
7956414969720 985.000000
7957174970720 986.000000
7957934969720 987.000000
7958694743058 988.000000
7959514744058 989.000000
7960234743058 990.000000
7960994743058 991.000000
7961714743058 992.000000
7962574716058 993.000000
7963294743058 994.000000
7964074743058 995.000000
7964814743058 996.000000
7965574717058 997.000000
7966314743058 998.000000
7967074744058 999.000000
7967834744058 1000.000000
7968594611781 1001.000000
7969354639781 1002.000000
7970134639781 1003.000000
7970854639781 1004.000000
7971614619781 1005.000000
7972414639781 1006.000000
7973114638781 1007.000000
7973854638781 1008.000000
7974614638781 1009.000000
7975414638781 1010.000000
7976174639781 1011.000000
7976894639781 1012.000000
7977694638781 1013.000000
7978454638781 1014.000000
7979154390352 1015.000000
7979914417352 1016.000000
7980834416352 1017.000000
7981554396352 1018.000000
7982314416352 1019.000000
7983094416352 1020.000000
7983834417352 1021.000000
7984554396352 1022.000000
7985314417352 1023.000000
7986094417352 1024.000000
7996634181614 1030.000000
7997394181614 1031.000000
7998194181614 1032.000000
7998974041375 1033.000000
7999734042375 1034.000000
8000494041375 1035.000000
8001274042375 1036.000000
8002054041375 1037.000000
8002814041375 1038.000000
8003534041375 1039.000000
8004394041375 1040.000000
8005134041375 1041.000000
8005854041375 1042.000000
8006594014375 1043.000000
8007474042375 1044.000000
8008374042375 1045.000000
8009093851637 1046.000000
8009933851637 1047.000000
8010633869637 1048.000000
8011413850637 1049.000000
8012193851637 1050.000000
8012953830637 1051.000000
8013733851637 1052.000000
8014573824637 1053.000000
8015353830637 1054.000000
8016213850637 1055.000000
8016713851637 1056.000000
8017933851637 1057.000000
8018793700438 1058.000000
8019573673438 1059.000000
8020333700438 1060.000000
8021133700438 1061.000000
8021913700438 1062.000000
8022633700438 1063.000000
8023353696438 1064.000000
8024073700438 1065.000000
8024753693438 1066.000000
8025293700438 1067.000000
8026053700438 1068.000000
8026773701438 1069.000000
8027493701438 1070.000000
8027913700438 1071.000000
8029833409279 1072.000000
8030593381279 1073.000000
8031353408279 1074.000000
8032113408279 1075.000000
8032853409279 1076.000000
8033613388279 1077.000000
8034333408279 1078.000000
8035113409279 1079.000000
8035873408279 1080.000000
8036573382279 1081.000000
8037373408279 1082.000000
8038113408279 1083.000000
8038913284075 1084.000000
8039713271075 1085.000000
8040493284075 1086.000000
8041193283075 1087.000000
8041993283075 1088.000000
8042813284075 1089.000000
8043493283075 1090.000000
8044253283075 1091.000000
8045013283075 1092.000000
8045793283075 1093.000000
8046513283075 1094.000000
8047273283075 1095.000000
8048793047993 1096.000000
8049553048993 1097.000000
8055973048993 1103.000000
8056733048993 1104.000000
8057533048993 1105.000000
8058333048993 1106.000000
8059232858450 1107.000000
8060052857450 1108.000000
8060692857450 1109.000000
8062512857450 1110.000000
8063392857450 1111.000000
8064172857450 1112.000000
8065112857450 1113.000000
8065852858450 1114.000000
8066732857450 1115.000000
8067532857450 1116.000000
8068292857450 1117.000000
8069092712981 1118.000000
8069872712981 1119.000000
8070652686981 1120.000000
8071472712981 1121.000000
8072312712981 1122.000000
8073072713981 1123.000000
8073892712981 1124.000000
8074652702981 1125.000000
8075432712981 1126.000000
8076232713981 1127.000000
8077012712981 1128.000000
8077812712981 1129.000000
8078612514010 1130.000000
8079412561010 1131.000000
8080212534010 1132.000000
8081012534010 1133.000000
8081792534010 1134.000000
8082552534010 1135.000000
8083252534010 1136.000000
8084632535010 1137.000000
8085352534010 1138.000000
8086032534010 1139.000000
8086772534010 1140.000000
8087492534010 1141.000000
8088292534010 1142.000000
8088992343617 1143.000000
8089612342617 1144.000000
8090352342617 1145.000000
8091152342617 1146.000000
8092112342617 1147.000000
8092652342617 1148.000000
8093992343617 1149.000000
8094712343617 1150.000000
8095472343617 1151.000000
8096272342617 1152.000000
8097012343617 1153.000000
8097732343617 1154.000000
8098472342617 1155.000000
8099292162765 1156.000000
8100012162765 1157.000000
8100732163765 1158.000000
8102232162765 1159.000000
8102992162765 1160.000000
8103672162765 1161.000000
8104432163765 1162.000000
8105152163765 1163.000000
8105952162765 1164.000000
8106732157765 1165.000000
8107552163765 1166.000000
8108312163765 1167.000000
8109112020375 1168.000000
8109892021375 1169.000000
8110632020375 1170.000000
8111432020375 1171.000000
8112192020375 1172.000000
8113032021375 1173.000000
8113772021375 1174.000000
8114552020375 1175.000000
8115392020375 1176.000000
8116212020375 1177.000000
8116972020375 1178.000000
8117932020375 1179.000000
8118691831829 1180.000000
8119591816829 1181.000000
8120111843829 1182.000000
8121331843829 1183.000000
8122071844829 1184.000000
8122831886829 1185.000000
8123331843829 1186.000000
8124591816829 1187.000000
8125351843829 1188.000000
8126091843829 1189.000000
8126851843829 1190.000000
8127731844829 1191.000000
8128531577590 1192.000000
8129351577590 1193.000000
8130651569590 1194.000000
8131011577590 1195.000000
8131851577590 1196.000000
8132571577590 1197.000000
8133051577590 1198.000000
8134271577590 1199.000000
8134991576590 1200.000000
8135731577590 1201.000000
8136651572590 1202.000000
8137371577590 1203.000000
8138271576590 1204.000000
8139031470200 1205.000000
8139951471200 1206.000000
8140771460200 1207.000000
8141571444200 1208.000000
8142351470200 1209.000000
8143191471200 1210.000000
8143991471200 1211.000000
8144771470200 1212.000000
8145491470200 1213.000000
8146411471200 1214.000000
8147131474200 1215.000000
8147871471200 1216.000000
8148591230500 1217.000000
8149351250500 1218.000000
8150091250500 1219.000000
8165011067647 1225.000000
8165791067647 1226.000000
8207870383003 1232.000000
8208670174073 1233.000000
8209410174073 1234.000000
8210150174073 1235.000000
8248809367122 1247.000000
8249469367122 1248.000000
8250269367122 1249.000000
8251049367122 1250.000000
8251829368122 1251.000000
8252909367122 1252.000000
8253669367122 1253.000000
